rewards,   timestep
0.170278637771, 645
0.149253731343, 1382
0.208333333333, 2150
0.113122171946, 2592
0.0899742930591, 2981
0.256813417191, 3935
0.243902439024, 4550
0.142276422764, 5042
0.281124497992, 5789
0.219976218787, 6630
0.194489465154, 7247
0.365752285952, 8450
0.20749665328, 9197
0.0277777777778, 9737
0.191358024691, 10547
0.147058823529, 11057
0.1875, 11617
0.0308641975309, 12103
0.119485294118, 12647
0.187969924812, 13312
0.232683982684, 14236
0.113895216401, 14675
0.0534759358289, 15049
0.325476992144, 15940
0.0774336283186, 16392
0.412436548223, 17180
0.270618556701, 17568
0.174262734584, 17941
0.288065843621, 18670
0.171957671958, 19048
0.195618153365, 19687
0.178571428571, 20247
0.0692307692308, 20897
0.378352490421, 21941
0.17578125, 22453
0.128479657388, 23387
0.160642570281, 23885
0.249196141479, 24507
0.289655172414, 25232
0.143229166667, 25616
0.257668711656, 26431
0.324561403509, 27001
0.215517241379, 27697
0.18927444795, 28331
0.0782472613459, 28970
0.290889132821, 29881
0.204872646733, 30784
0.226130653266, 31381
0.149051490515, 31750
0.245901639344, 32299
0.221052631579, 33249
0.128571428571, 33599
0.205792682927, 34255
0.0635208711434, 34806
0.126705653021, 35319
0.218160377358, 36167
0.243531202435, 36824
0.212389380531, 37389
0.190909090909, 37939
0.153764581124, 38882
0.0319488817891, 39508
0.154711673699, 40219
0.182625863771, 41232
0.160098522167, 41638
0.196451204056, 42427
0.251168224299, 43283
0.237191650854, 43810
0.249419953596, 44672
0.144057623049, 45505
0.258620689655, 46085
0.236641221374, 46740
0.140597539543, 47309
0.237529691211, 48151
0.463169642857, 49047
0.19801980198, 49754
0.261519302615, 50557
0.225225225225, 51223
0.199275362319, 52051
0.0883838383838, 52447
0.321027287319, 53070
0.0363636363636, 53620
0.3, 54020
0.0413223140496, 54504
0.276729559748, 55299
0.15813253012, 55963
0.185929648241, 56958
0.148698884758, 57496
0.0788091068301, 58067
0.070281124498, 58565
0.197368421053, 59097
0.163447251114, 59770
0.168711656442, 60422
0.226666666667, 60797
0.307848443843, 62275
0.157232704403, 62752
0.27972027972, 63324
0.287735849057, 64384
0.0642054574639, 65007
0.132911392405, 65797
0.142140468227, 66395
0.251865671642, 66931
0.182648401826, 67588
0.20987654321, 67993
0.186104218362, 68396
0.259365994236, 69090
0.121293800539, 69461
0.283185840708, 70026
0.209143968872, 71054
0.47619047619, 71915
0.147601476015, 72457
0.078125, 72841
0.118670886076, 73473
0.180541624875, 74470
0.211565585331, 75179
0.226928895613, 75840
0.229445506692, 76363
0.153733528551, 77046
0.211267605634, 77685
0.189873417722, 78159
0.0602409638554, 78740
0.185185185185, 79712
0.399568034557, 80638
0.346740638003, 82080
0.125418060201, 82678
0.225563909774, 83077
0.0987432675045, 83634
0.165165165165, 84300
0.229508196721, 85215
0.205843293493, 85968
0.191693290735, 86594
0.101214574899, 87088
0.182432432432, 87828
0.112275449102, 88496
0.212620027435, 89225
0.179521276596, 89977
0.099173553719, 90582
0.0778546712803, 91160
0.227272727273, 91798
0.283018867925, 92646
0.0877192982456, 93045
0.48125, 93845
0.159680638723, 94847
0.151306740028, 95574
0.15037593985, 96106
0.118343195266, 96782
0.446058091286, 97746
0.144995322732, 98815
0.349807445443, 100373
0.264483627204, 101564
0.208747514911, 102067
0.138121546961, 102429
0.345710627401, 103210
0.220238095238, 104050
0.188821752266, 104712
0.199146514936, 105415
0.230312035661, 106088
0.160965794769, 106585
0.200411099692, 107558
0.23307436182, 108459
0.172084130019, 108982
0.173310225303, 109559
0.142857142857, 110329
0.232919254658, 110973
0.0946142649199, 111660
0.223429951691, 112488
0.267983074753, 113197
0.159189580318, 113888
0.176730486009, 114567
0.206794682422, 115244
0.22349936143, 116027
0.0762527233115, 116486
0.193992490613, 117285
0.239520958084, 117786
0.364826941066, 118855
0.208581644815, 119694
0.160714285714, 120534
0.489543726236, 121586
0.267639902676, 122408
0.104408352668, 122839
0.149647887324, 123407
0.373679935012, 124638
0.25, 125378
0.241379310345, 125813
0.262267343486, 126404
0.296875, 127044
0.154264972777, 127595
0.223152022315, 128312
0.46186440678, 129492
0.104166666667, 130068
0.186125211506, 130659
0.248990578735, 131402
0.147835269271, 132349
0.201149425287, 132871
0.139240506329, 133266
0.0589390962672, 133775
0.239043824701, 134528
0.155440414508, 135300
0.344387755102, 135692
0.10162601626, 136430
0.280898876404, 136875
0.0995575221239, 137327
0.408970976253, 138085
0.170239596469, 138878
0.251497005988, 139713
0.230855855856, 140601
0.237613751264, 141590
0.0966608084359, 142159
0.253067484663, 142811
0.147058823529, 143559
0.149625935162, 143960
0.191218130312, 144666
0.135802469136, 145071
0.154320987654, 145557
0.254452926209, 145950
0.124688279302, 146351
0.374753451677, 147365
0.269865067466, 148032
0.25974025974, 148571
0.111876075731, 149152
0.212765957447, 149669
0.253246753247, 150439
0.317965023847, 151697
0.257903494176, 152298
0.111683848797, 152880
0.190409026798, 153589
0.155778894472, 154584
0.190641247834, 155161
0.206270627063, 155767
0.241336633663, 156575
0.188284518828, 157531
0.125313283208, 157930
0.132978723404, 158306
0.192, 158931
0.231689088191, 159600
0.147575544624, 161023
0.230202578269, 161566
0.176803394625, 162273
0.0919117647059, 162817
0.203094777563, 163334
0.303921568627, 163844
0.547945205479, 164501
0.170239596469, 165294
0.228813559322, 165884
0.225060827251, 166706
0.319001386963, 167427
0.153153153153, 167982
0.255354200988, 168589
0.34649122807, 169729
0.314136125654, 170493
0.102880658436, 170979
0.13468013468, 171573
0.0745033112583, 172177
0.156950672646, 172846
0.198198198198, 173401
0.233766233766, 174171
0.148148148148, 174981
0.164092664093, 175499
0.110701107011, 176041
0.0787401574803, 176676
0.302398331595, 177635
0.145502645503, 178013
0.20156046814, 178782
0.257985257985, 179596
0.222222222222, 180406
0.298295454545, 181110
0.25, 182010
0.546975546976, 182787
0.174927113703, 183473
0.219707057257, 184224
0.0898692810458, 184836
0.181347150259, 185801
0.097244732577, 186418
0.203045685279, 187009
0.263157894737, 187750
0.133928571429, 188422
0.291353383459, 188954
0.217948717949, 189734
0.19512195122, 190144
0.52599009901, 190952
0.270034843206, 191526
0.292008196721, 192502
0.168119551681, 193305
0.234215885947, 193796
0.171606864275, 195078
0.171073094868, 195721
0.168711656442, 196373
0.192307692308, 197023
0.040733197556, 197514
0.288562434418, 198467
0.337620578778, 199089
0.327868852459, 200187
0.537459283388, 201108
0.157480314961, 201616
0.269784172662, 202450
0.262039660057, 203862
0.108108108108, 204232
0.345016429354, 205145
0.125628140704, 205543
0.025641025641, 205933
0.108024691358, 206581
0.176730486009, 207260
0.183673469388, 207995
0.18675721562, 208584
0.185676392573, 209338
0.25641025641, 210157
0.188442211055, 210555
0.339761248852, 211644
0.327476038339, 212270
0.233281493002, 212913
0.0932835820896, 213449
0.0777202072539, 213835
0.0651465798046, 214449
0.229759299781, 215363
0.134357005758, 215884
0.172201722017, 216697
0.227014755959, 217578
0.136815920398, 217980
0.142045454545, 218508
0.209267563528, 219177
0.151133501259, 219574
0.149812734082, 220108
0.159728944821, 221141
0.20295202952, 221683
0.270935960591, 222089
0.298755186722, 223294
0.207286432161, 224090
0.334872979215, 224956
0.238095238095, 225628
0.150905432596, 226125
0.226086956522, 226700
0.0916030534351, 227355
0.458633093525, 228467
0.473781048758, 229554
0.223880597015, 230358
0.119331742243, 230777
0.16157989228, 231334
0.190930787589, 231753
0.1982160555, 232762
0.15, 233362
0.15306122449, 234048
0.323868677906, 235175
0.215366705471, 236034
0.224032586558, 236525
0.258992805755, 237220
0.180412371134, 237608
0.187224669604, 238516
0.307354555434, 239427
0.12077294686, 240048
0.221291866029, 240884
0.220318237454, 241701
0.466403162055, 242966
0.0693069306931, 243471
0.298507462687, 244275
0.200964630225, 244897
0.268965517241, 245622
0.186746987952, 246452
0.210084033613, 247047
0.17955801105, 247409
0.148648648649, 248149
0.41, 249149
0.218818380744, 250063
0.229591836735, 250847
0.151162790698, 251277
0.135922330097, 251792
0.164556962025, 252582
0.15625, 253254
0.229166666667, 253974
0.214899713467, 254672
0.236641221374, 255327
0.488549618321, 255982
0.332661290323, 257470
0.16713091922, 258188
0.211538461538, 258708
0.183752417795, 259225
0.173192771084, 259889
0.149147727273, 260593
0.184964200477, 261431
0.190476190476, 262061
0.105363984674, 262583
0.0880626223092, 263094
0.208333333333, 263550
0.20245398773, 264365
0.20295202952, 264907
0.208333333333, 265651
0.163806552262, 266292
0.172413793103, 266930
0.0945179584121, 267459
0.165165165165, 268125
0.20902090209, 269034
0.286935286935, 269853
0.209627329193, 270497
0.244618395303, 271008
0.186230248307, 271894
0.495207667732, 272520
0.195402298851, 273390
0.179257362356, 274171
0.0353982300885, 274736
0.18302828619, 275337
0.120738636364, 276041
0.152173913043, 276731
0.269058295964, 277400
0.272373540856, 278171
0.182481751825, 278582
0.178571428571, 279254
0.182186234818, 279748
0.183823529412, 280428
0.244186046512, 280858
0.258302583026, 281671
0.256723716381, 282489
0.172955974843, 283125
0.105363984674, 283647
0.0675675675676, 284165
0.257668711656, 284980
0.264522821577, 285944
0.187239944521, 286665
0.298507462687, 287469
0.242718446602, 288396
0.232815964523, 289298
0.201005025126, 289696
0.163204747774, 290370
0.158102766798, 291129
0.192307692308, 291779
0.196232339089, 292416
0.153243050606, 293819
0.228785357737, 295021
0.27386541471, 295660
0.165354330709, 296295
0.302826379542, 297038
0.143603133159, 297421
0.126782884311, 298052
0.402298850575, 299183
0.16006097561, 299839
0.2, 300464
0.144628099174, 301190
0.214681440443, 301912
0.149842271293, 302546
0.276430649855, 303577
0.157819225251, 304274
0.661764705882, 305634
0.121951219512, 306167
0.157035175879, 306963
0.207100591716, 307639
0.140350877193, 308209
0.202764976959, 309294
0.183333333333, 309894
0.200601805416, 310891
0.154867256637, 311569
0.404551201011, 312360
0.238095238095, 312990
0.267008046818, 314357
0.25974025974, 315358
0.186991869919, 316588
0.0809061488673, 317206
0.184275184275, 317613
0.206378986867, 318146
0.253623188406, 318698
0.210325047801, 319221
0.167364016736, 319938
0.26582278481, 320333
0.321011673152, 320847
0.211345939933, 321746
0.216346153846, 322578
0.183246073298, 322960
0.201949860724, 323678
0.209627329193, 324322
0.191489361702, 324792
0.251623376623, 325408
0.236486486486, 326148
0.180467091295, 327090
0.36, 327590
0.397170837867, 328509
0.0727650727651, 328990
0.209627329193, 329634
0.0694444444444, 330354
0.238836967809, 331317
0.206270627063, 331923
0.154185022026, 332604
0.195979899497, 333599
0.348984771574, 334387
0.281954887218, 335185
0.19587628866, 336155
0.205167173252, 336813
0.193704600484, 337226
0.172031076582, 338127
0.179487179487, 338712
0.358565737052, 339967
0.25641025641, 340903
0.242763772176, 341974
0.173611111111, 342406
0.252100840336, 343120
0.22962962963, 343795
0.207920792079, 344805
0.151515151515, 345630
0.174418604651, 346232
0.124309392265, 346594
0.243605359318, 347415
0.171339563863, 348057
0.152173913043, 348747
0.225988700565, 349101
0.0303643724696, 349595
0.33889468196, 350554
0.178181818182, 351929
0.138157894737, 352689
0.13986013986, 353261
0.230692076229, 354258
0.176304654443, 354967
0.223307745987, 356400
0.287769784173, 357234
0.0796812749004, 357736
0.125673249551, 358293
0.274135876043, 359132
0.110246433204, 359903
0.160116448326, 360590
0.257142857143, 361465
0.276035131744, 362262
0.15503875969, 362649
0.350241545894, 363891
0.33921302578, 364628
0.281065088757, 365642
0.253878702398, 366351
0.227272727273, 366725
0.105882352941, 367150
0.0470588235294, 367575
0.170454545455, 368367
0.265726681128, 369289
0.0651041666667, 369673
0.239774330042, 370382
0.183080808081, 371174
0.235361653272, 372045
0.148902821317, 372683
0.162835249042, 373205
0.236051502146, 374137
0.216894977169, 375013
0.0565428109855, 375632
0.162213740458, 376156
0.202429149798, 376650
0.239938080495, 377296
0.244479495268, 377930
0.0987841945289, 378588
0.0503778337531, 378985
0.447080291971, 380081
0.30585106383, 380457
0.223880597015, 380859
0.233555767398, 381908
0.121703853955, 382401
0.268817204301, 383424
0.0452488687783, 383866
0.331460674157, 384756
0.263157894737, 385744
0.0935828877005, 386118
0.0920245398773, 386607
0.205592105263, 387215
0.163656884876, 388101
0.169867060561, 388778
0.183706070288, 389404
0.207026348808, 390201
0.195007800312, 390842
0.246478873239, 391552
0.186625194401, 392195
0.197080291971, 392880
0.176908752328, 393417
0.170842824601, 393856
0.206022187005, 394487
0.222419928826, 395049
0.44363256785, 396007
0.202237521515, 397169
0.230073952342, 398386
0.256880733945, 399476
0.244922341697, 400313
0.250521920668, 401271
0.27950310559, 402076
0.0572519083969, 402600
0.136612021858, 402966
0.140350877193, 403536
0.379609544469, 404458
0.195460277427, 405251
0.166139240506, 405883
0.0906344410876, 406545
0.501835985312, 407362
0.176730486009, 408041
0.124031007752, 408686
0.152671755725, 409996
0.239197530864, 410644
0.206106870229, 411299
0.197452229299, 412084
0.240423797881, 413311
0.30701754386, 413995
0.247410817031, 414864
0.282131661442, 415502
0.267591674926, 416511
0.148148148148, 416916
0.171974522293, 417701
0.43134872418, 418524
0.252403846154, 419356
0.201754385965, 420496
0.497572815534, 421320
0.222222222222, 422355
0.431701030928, 423131
0.208333333333, 423995
0.244956772334, 424689
0.212014134276, 425538
0.15625, 426178
0.376033057851, 427388
0.570839064649, 428115
0.202702702703, 428633
0.297121634169, 429710
0.175070028011, 430424
0.2154626109, 431213
0.206286836935, 431722
0.203201970443, 432534
0.16975308642, 433182
0.0924214417745, 433723
0.271659324523, 434404
0.02, 434904
0.468135326515, 436175
0.152963671128, 436698
0.444444444444, 437688
0.192786069652, 438492
0.193340494092, 439423
0.184964200477, 440261
0.197368421053, 440793
0.261599210267, 441806
0.200964630225, 442428
0.155945419103, 442941
0.106571936057, 443504
0.335820895522, 444040
0.238938053097, 444605
0.212765957447, 445357
0.128048780488, 446177
0.143288084465, 446840
0.184174624829, 447573
0.2, 448098
0.174418604651, 448786
0.240083507307, 449265
0.0890207715134, 449602
0.167938931298, 450257
0.045871559633, 450584
0.16369047619, 451256
0.153284671533, 451941
0.152801358234, 452530
0.269271383316, 453477
0.198863636364, 454005
0.246153846154, 454655
0.0978792822186, 455268
0.119182746879, 456149
0.195530726257, 456865
0.109717868339, 457503
0.488676996424, 458342
0.115979381443, 458730
0.079575596817, 459107
0.0657894736842, 459639
0.244215938303, 460417
0.17146776406, 461146
0.147637795276, 461654
0.167364016736, 462371
0.176470588235, 462881
0.18779342723, 463520
0.311457174638, 464419
0.118577075099, 464925
0.243328100471, 465562
0.210325047801, 466085
0.407685098407, 467152
0.176544766709, 467945
0.0907258064516, 468441
0.232732732733, 469107
0.152671755725, 469762
0.12, 470387
0.177865612648, 470893
0.169902912621, 471511
0.166666666667, 472171
0.228013029316, 474013
0.152008686211, 474934
0.202492211838, 475897
0.109489051095, 476719
0.171790235081, 477272
0.261299435028, 477980
0.0956284153005, 478346
0.170212765957, 478816
0.257032007759, 479847
0.17199017199, 480254
0.217391304348, 480921
0.272151898734, 481711
0.41804180418, 482620
0.153985507246, 483172
0.28064516129, 484722
0.0792507204611, 485416
0.298076923077, 485936
0.154639175258, 486615
0.207373271889, 487266
0.153284671533, 487951
0.138121546961, 488494
0.17316017316, 488956
0.248803827751, 490001
0.149253731343, 490604
0.143403441683, 491127
0.170068027211, 491568
0.15988372093, 492256
0.293637846656, 492869
0.0597609561753, 493371
0.16253869969, 494017
0.188916876574, 494414
0.165876777251, 495047
0.226986128625, 495840
0.16253869969, 496486
0.294486215539, 497284
0.191761363636, 497988
0.284035259549, 499009
0.119926199262, 499551
0.218579234973, 500466
0.0955414012739, 501408
0.44061302682, 502191
0.454110898662, 503237
0.291666666667, 504677
0.305810397554, 505331
0.206378986867, 505864
0.126382306477, 506497
0.162980209546, 507356
0.203791469194, 508411
0.179856115108, 508828
0.104166666667, 509548
0.159574468085, 510206
0.0520833333333, 510590
0.111561866126, 511083
0.196629213483, 511795
0.288035450517, 512472
0.1547619